36 [0]
163 [1, 65, 78]
87 [2, 80]
116 [3]
34 [4]
127 [5, 52]
190 [6]
32 [7]
128 [8]
80 [9]
118 [10]
179 [11, 70]
54 [12]
194 [13]
90 [14, 40]
171 [15]
29 [16, 18, 98]
188 [17]
67 [19, 83, 91]
86 [20, 26]
126 [21]
75 [22]
120 [23]
50 [24]
108 [25]
197 [27]
149 [28]
195 [29]
85 [30]
96 [31]
121 [32]
167 [33]
71 [34]
133 [35]
77 [36]
100 [37, 45, 47]
161 [38]
162 [39]
173 [41]
15 [42, 54]
123 [43]
16 [44]
147 [46]
192 [48]
60 [49]
140 [50, 60]
117 [51]
65 [53, 89]
145 [55]
101 [56]
115 [57]
155 [58]
110 [59]
144 [61]
191 [62]
66 [63]
24 [64, 87]
168 [66]
125 [67]
102 [68]
148 [69]
113 [71, 84]
99 [72]
141 [73]
139 [74]
53 [75]
27 [76]
182 [77]
63 [79]
166 [81]
122 [82]
25 [85]
28 [86]
95 [88]
72 [90]
46 [92]
152 [93]
23 [94]
183 [95]
22 [96]
176 [97]
193 [99]
