119 [0, 15, 46]
111 [1, 63]
141 [2, 43, 85]
139 [3, 24, 41, 51]
106 [4, 20, 53, 89]
149 [5, 36, 79, 96]
108 [6, 48]
135 [7]
147 [8, 90]
110 [9, 21, 59]
136 [10]
146 [11, 31, 71]
144 [12, 29, 52, 97]
138 [13, 19, 23, 75, 98]
120 [14, 44]
150 [16, 54, 92]
130 [17]
140 [18, 70]
145 [22, 60]
103 [25, 77]
109 [26, 56]
148 [27, 84]
123 [28, 88]
101 [30]
105 [32, 82]
124 [33]
132 [34, 66]
134 [35, 50]
131 [37, 72]
133 [38]
114 [39, 49, 87]
122 [40]
107 [42]
113 [45]
112 [47, 67]
128 [55, 99]
125 [57, 78]
102 [58]
126 [61, 65]
118 [62, 64, 76]
117 [68, 80, 91]
116 [69]
142 [73, 94]
121 [74]
129 [81]
100 [83]
115 [86]
104 [93, 95]
