51 [0, 13, 17, 73, 74]
64 [1]
50 [2]
37 [3, 24, 27, 53, 65, 67, 78, 82]
55 [4, 16, 29, 72]
20 [5]
30 [6, 47]
21 [7, 90]
39 [8, 39, 88]
33 [9]
24 [10, 52, 59]
42 [11, 37, 45, 97]
28 [12, 25]
41 [14]
44 [15, 26, 98]
26 [18, 31, 63]
18 [19, 41]
35 [20]
48 [21]
45 [22, 62, 64]
31 [23, 80]
38 [28, 68, 70]
34 [30]
17 [32, 71, 93]
29 [33, 76]
36 [34]
32 [35, 91]
43 [36, 83, 85]
60 [38, 42, 58]
52 [40]
15 [43, 54]
53 [44, 69]
59 [46, 55]
16 [48, 60]
23 [49, 89]
22 [50]
49 [51, 66]
47 [56]
58 [57]
63 [61, 86]
61 [75]
54 [77, 94]
27 [79]
25 [81]
65 [84]
56 [87, 96, 99]
40 [92]
62 [95]
